156
213
92
131
281
111
135
54
138
101
139
140
141
280
209
140
219
140
278
140
255
248
62
135
130
92
275
281
145
137
154
281
69
278
150
124
277
136
276
138
148
280
119
140
86
140
246
138
279
138
45
267
140
154
145
112
170
177
198
265
79
111
195
129
281
278
11
139
94
96
136
163
139
258
261
140
235
213
279
284
140
179
261
237
98
140
253
139
140
160
64
139
142
140
126
242
120
275
184
128
139
136
136
99
280
128
278
107
186
208
279
280
200
72
105
124
140
251
268
129
277
142
140
140
144
194
14
254
266
221
188
130
139
77
135
108
84
118
280
140
295
139
138
171
136
140
130
129
139
140
61
139
133
223
138
140
152
140
158
131
137
221
276
140
141
29
140
140
153
139
280
147
288
225
109
222
139
130
139
88
139
118
140
52
102
140
225
136
25
243
131
152
278
41
272
278
198
262
46
245
105
271
134
117
169
240
94
140
280
120
139
133
33
82
191
124
134
140
140
279
233
134
140
92
140
130
231
140
92
139
56
116
229
273
98
139
71
123
165
127
140
139
132
280
310
217
263
139
140
249
136
186
139
233
243
176
140
209
284
140
277
85
279
130
187
240
259
140
93
131
108
138
136
225
274
324
80
140
131
138
130
116
124
22
140
259
136
205
279
269
217
137
111
260
140
280
166
140
268
133
92
166
265
17
173
151
119
274
139
132
73
140
106
138
140
204
190
129
139
111
137
87
168
213
136
139
105
199
277
270
140
138
138
228
92
136
281
277
112
38
140
281
140
139
136
140
194
136
141
214
68
126
270
285
264
137
139
143
163
115
280
276
281
138
22
280
136
284
153
140
276
59
128
124
137
230
95
260
140
139
72
140
139
251
123
138
137
134
362
140
237
140
126
42
135
140
270
54
281
108
140
102
109
180
138
237
140
144
255
242
140
140
41
134
140
242
69
197
140
88
139
127
140
138
140
208
140
128
171
140
247
135
136
280
137
144
35
278
136
140
231
323
140
139
138
234
99
140
137
121
137
134
136
155
134
140
136
139
277
109
280
126
139
122
140
182
218
39
138
137
140
138
254
273
287
135
170
137
140
140
140
209
285
143
34
280
235
33
249
140
280
247
257
48
277
105
137
140
278
140
177
141
181
140
142
121
142
269
326
111
138
280
140
273
137
138
139
279
140
123
201
276
138
271
278
349
269
139
124
91
137
224
71
120
330
222
138
142
136
247
71
278
25
66
113
111
278
116
126
56
100
138
365
157
279
167
240
121
232
205
87
139
217
40
139
114
275
283
121
272
132
252
281
44
60
140
138
275
271
280
128
133
282
283
137
244
203
140
136
140
139
140
102
88
136
140
139
253
47
147
122
140
136
171
276
128
173
41
279
139
251
219
215
150
284
138
272
281
113
180
62
120
46
282
153
140
196
205
139
140
140
166
280
284
58
138
158
140
264
161
251
139
143
237
136
278
77
129
139
191
230
105
139
130
140
138
214
210
119
278
167
250
26
248
278
213
266
138
35
277
275
198
279
169
285
138
192
280
64
104
140
102
282
85
138
139
128
277
278
78
156
122
134
164
123
139
87
279
135
140
145
48
121
83
93
129
280
104
131
140
86
132
119
137
63
144
138
280
106
219
140
280
211
284
191
103
139
140
141
279
263
140
53
140
140
96
136
139
135
141
96
74
54
284
65
272
241
140
144
140
139
45
99
268
127
191
64
139
151
140
284
272
140
36
89
140
131
139
135
173
222
127
140
286
137
134
63
120
160
132
273
171
255
205
174
204
185
133
101
140
143
113
131
152
273
240
113
138
138
176
276
230
161
133
148
117
113
134
74
46
117
30
143
140
272
258
102
148
108
140
280
152
139
140
129
132
261
206
140
166
25
141
224
234
139
79
173
137
268
140
140
139
131
99
256
140
143
161
279
140
133
273
115
267
156
280
262
54
139
134
274
139
126
11
206
45
279
108
284
140
19
263
276
137
128
282
274
26
137
132
282
259
218
140
133
256
123
284
136
204
139
197
139
110
273
284
140
272
82
122
194
274
88
139
140
134
161
286
248
59
279
89
279
123
225
132
237
140
141
140
137
137
279
138
167
125
196
248
72
86
156
140
136
277
172
139
103
75
287
140
285
233
277
25
203
140
140
117
119
208
188
285
233
92
115
140
93
140
172
185
210
276
65
139
168
111
136
248
168
256
138
280
140
187
146
124
139
19
54
139
47
137
211
131
177
140
143
196
279
269
132
254
232
185
130
134
242
137
207
136
100
267
84
131
292
116
280
140
106
227
312
281
199
138
138
81
139
201
116
278
291
137
140
130
286
140
60
284
79
131
138
279
138
140
123
85
271
132
140
280
122
140
109
72
140
132
138
140
281
100
282
140
110
121
188
131
122
244
151
140
234
133
128
131
102
140
246
31
113
174
244
125
163
281
278
279
238
132
119
186
130
140
153
290
281
132
269
137
142
225
137
280
128
140
136
284
124
140
139
119
197
282
103
153
243
137
139
184
119
269
140
88
203
170
292
138
260
75
138
139
136
280
192
218
134
276
220
140
185
136
140
139
137
134
139
115
140
279
138
276
32
21
159
277
140
140
277
279
56
280
139
132
307
260
140
242
283
141
139
147
112
129
281
138
140
140
153
140
138
158
138
140
180
133
67
147
74
129
140
125
134
136
133
215
130
275
136
277
248
279
140
66
184
200
141
